ID	An-1	Col-0	Ct-1	Cvi-1	Eri-1	Kyo-1	Ler-0	Sha	Average
AT1G63080	1291.273	328.318	2554.0165	163.4945	717.0025	1248.6575	1349.713	168.8215	977.6620625
AT1G63070	1291.273	136.2625	1499.016	561.4115	717.0025	1248.6575	1349.713	116.7325	865.0085625
AT1G63130	741.193	322.1565	1656.4145	230.473	344.6085	551.502	661.002	319.271	603.3275625
AT1G62914	461.309	293.1655	1436.916	158.027	483.073	460.3705	420.3635	171.6535	485.60975
AT1G62910	455.9825	293.9435	778.524	74.8575	479.905	394.0815	381.781	127.1645	373.2799375
AT1G63400	117.8745	295.0945	1245.8695	74.8575	432.015	105.783	420.9815	69.2325	345.2135
AT1G62930	332.366	253.2815	788.1865	230.473	223.213	191.7365	265.935	126.2575	301.431125
AT1G63150	396.945	239.4515	314.998	74.8575	479.905	394.0815	381.781	127.1645	301.148
AT1G62670	278.4995	113.94	897.136	85.5835	202.4195	218.7215	278.532	116.7325	273.9455625
AT1G63330	294.1615	119.1235	636.1955	74.8575	70.0655	244.6225	64.852	69.2325	196.6388125
AT1G62590	294.1615	122.6415	631.9015	74.8575	70.0655	244.6225	64.852	69.2325	196.5418125
AT1G63630	4.699	47.725	183.8145	99.865	257.618	14.7255	34.569	10.3875	81.6754375
AT1G63320	68.5225	13.2985	95.5565	163.4945	57.1125	25.7965	51.3055	18.945	61.7539375
AT1G63230	14.661	7.826	44.0985	99.865	52.2925	14.7255	34.569	10.3875	34.803125
AT1G12775	64.6675	18.606	22.1955	15.006	10.824	30.965	28.092	30.422	27.59725
AT5G16640	23.213	8.0695	50.376	10.8095	25.379	22.0295	15.3975	16.0325	21.4133125
AT1G12620	21.4385	5.371	14.655	35.722	2.988	11.105	10.637	21.746	15.4578125
AT1G12300	21.5215	7.161	31.1005	15.006	4.049	10.0415	8.762	9.911	13.4440625
AT2G02750	0	9.7975	33.415	0.342	0.7835	0	0.502	0	5.605
AT1G06580	2.27	2.709	11.6485	1.4365	8.3335	6.402	7.1175	3.3405	5.4071875
AT1G64583	1.97	5.137	5.057	1.029	3.1345	5.6395	2.102	0.4125	3.0601875
AT1G62680	3.6865	0.767	5.126	0.26	2.19	4.153	4.4515	0.8245	2.6823125
AT1G12700	2.1215	0.787	4.8165	1.7	5.513	1.287	0.3255	2.7875	2.41725
AT2G32230	0	0.2135	0.7235	0	5.1	0.933	3.579	3.939	1.811
AT2G31400	1.6705	1.5805	0.767	0.4775	1.6625	3.255	1.1105	3.645	1.7710625
AT2G41720	2.7605	0.8815	0.34	2.0355	0.879	1.413	3.295	0.803	1.5509375
AT1G28020	0	0	0.5115	0	2.2555	0	4.0955	4.8115	1.45925
AT5G41170	1.8295	0.1355	3.873	0.5935	1.9515	0.5995	1.392	0.7915	1.39575
AT4G34830	0.6565	0.989	1.4435	0	0.554	0.7645	0.633	3.645	1.0856875
AT1G62720	0.848	1.008	1.0195	0.342	1.5865	1.698	1.6005	0.3905	1.061625
AT5G48910	2.219	1.318	1.5715	0.0955	0	0.519	0.478	1.171	0.9215
AT1G19720	1.2305	1.589	0.552	0.4375	1.433	0.7645	0.3105	0.8245	0.8926875
AT1G31920	1.3135	0.1745	2.503	0.305	1.9875	0.519	0.3225	0	0.890625
AT5G10690	0	0.7945	0	1.3705	0.6885	1.452	1.29	0.8245	0.8025
AT5G04810	1.039	0.882	1.2755	0.419	1.1085	0.428	0.3225	0.803	0.7846875
AT5G13770	0.74	1.269	1.1035	0.7635	0.459	0.5965	0.478	0.4125	0.72775
AT4G16390	0.274	0.7945	0.636	0.2095	2.065	0.856	0.1675	0.803	0.7256875
AT2G35130	0	0.31	0	2.7465	0.2295	0	2.184	0	0.68375
AT3G04260	0.1915	0.581	0.2555	1.047	0.974	0.519	0.155	1.6055	0.6660625
AT5G50280	0.411	0.349	0.212	0.533	2.273	0.2595	0	1.215	0.6565625
AT3G22470	2.238	0.068	0.8915	0.114	0.7835	0.428	0.699	0	0.65275
AT4G31850	0.9565	0.271	0.2555	0.2095	0.6885	1.543	0	1.171	0.636875
AT1G02150	0.1915	0.4845	0.4675	0.896	0.2295	1.557	0.4655	0.803	0.6368125
AT5G46580	0.1915	0.746	1.2755	0.2865	1.8355	0.5965	0	0	0.6164375
AT5G27300	0.9305	0.843	0.1025	0.7505	0.1075	1.5025	0.5635	0	0.6
AT3G04760	0.3825	0.1745	0.212	0.0955	0.2295	0.856	0.478	2.3645	0.5990625
AT3G60960	0	0.819	3.57	0	0	0.1295	0	0	0.5648125
AT1G74850	0.931	0.2135	0.3835	0.4005	0	0.519	0.3225	1.6055	0.5469375
AT1G26460	0.1915	0.1745	0.34	0.0955	1.299	0.6875	0.4895	0.803	0.5100625
AT5G25630	0.1915	0.349	0.7235	0.4375	0.459	0.6875	0	1.1935	0.5051875
AT3G59040	0.931	0.4845	0.7235	0.114	0.6885	0.505	0.3225	0	0.471125
AT1G07590	0	1.648	1.707	0.342	0	0	0	0	0.462125
AT1G30610	0	0.388	0.128	0.0955	0.974	0	0	1.952	0.4421875
AT4G30825	1.039	0.2815	0.764	0.342	0.9175	0.1685	0	0	0.4390625
AT3G06430	1.0965	0.4555	0.128	0	0.3245	0.6875	0	0.781	0.434125
AT5G13270	1.0965	0.2815	0.7235	0.114	0.3245	0	0	0.8245	0.4205625
AT5G42310	0.274	1.1435	0.764	0.305	0	0.842	0	0	0.4160625
AT1G71210	0.3825	0.1065	0	0	1.433	0.1685	0	1.1935	0.4105
AT3G22150	0	0.4945	0.212	0.2865	0.6885	0	0.3345	1.171	0.398375
AT5G01110	0.3695	0.213	1.191	0.001	0.1825	0.8295	0.3855	0	0.3965
AT3G29290	0	0.1745	0.636	0.2865	0	0.337	0	1.6275	0.3826875
AT3G49240	0.6565	0	0.8075	0.191	0	0.5965	0	0.781	0.3790625
AT2G18940	0.931	0.7845	0.552	0	0.2295	0	0	0.3905	0.3609375
AT2G15690	0.1915	0.2815	0.2555	0	0.6495	1.179	0.3225	0	0.3599375
AT2G01860	0.274	0.242	0.6795	0.0955	0.3245	0	1.1225	0	0.34225
AT5G66520	0.3825	0.271	0.128	0.0955	0.6885	0	0.3345	0.803	0.337875
AT2G15820	0.931	0.242	0.4675	0.0955	0.554	0	0	0.3905	0.3350625
AT5G27270	0.848	0	1.1035	0.228	0.2295	0.2595	0	0	0.3335625
AT3G18110	0.274	0	1.1475	0	0.554	0.2595	0	0.3905	0.3281875
AT2G17033	0.274	0.1065	0.4675	0.114	0	0.2595	0.1675	1.171	0.32
AT3G53700	0.0955	0.3775	0.128	0.2865	0.2295	0.856	0.478	0	0.306375
AT1G60770	1.0965	0.8525	0.128	0	0.3245	0	0	0	0.3001875
AT3G16710	0	0.5235	0.34	0.2865	0.459	0	0.3345	0.3905	0.29175
AT1G64100		0.1355	0.658		0.3245			0	0.2795
AT1G59720	0.3825	0.31	0.976	0	0.2295	0	0.3225	0	0.2775625
AT3G09650	0	0.1065	0.848	0.0955	0	0.7715	0	0.3905	0.2765
AT1G68980	0	0	0	0	0	0.1685	0	1.9955	0.2705
AT3G63370	0	0	0.2555	0	1.299	0	0	0.3905	0.243125
AT1G15510	0	0	0	0.0955	0.3245	0.1685	0.155	1.171	0.2393125
AT1G50270	1.014	0.2135	0.2555	0	0	0	0	0.4125	0.2369375
AT5G48730	0.8225	0.1355	0.2555	0	0.3245	0.337	0	0	0.234375
AT1G10910	0.274	0.1065	0.212	0	0.9175	0.337	0	0	0.230875
AT1G01970	0.3825	0.242	0.212	0	0.459	0.1685	0.3105	0	0.2218125
AT4G14190	0.3825	0.4265	0.212	0.114	0	0	0.6205	0	0.2194375
AT3G13150	1.3705	0	0.34	0	0	0	0	0	0.2138125
AT2G41080	0.1915	0.349	0.34	0.0955	0	0.337	0	0.3905	0.2129375
AT3G23330	0.5485	0.068	0.128	0	0	0.1685	0.788	0	0.212625
AT1G79540	0	0.4845	0	0	0.3245	0	0.478	0.4125	0.2124375
AT1G15480	0.574	0	0.128	0	0	0.5965	0	0.3905	0.211125
AT1G08610	0	0.242	0.212	0	0.974	0.2595	0	0	0.2109375
AT4G39620	0	0.2135	0	0	0	1.2975	0.155	0	0.20825
AT1G55890	0	0.242	0.8915	0	0	0.519	0	0	0.2065625
AT1G64580	0	0.068	0.8515	0	0.2295	0.337	0.155	0	0.205125
AT5G36300		0	0	0.2095	0.879	0.1685	0.155	0	0.201714286
AT1G80270	0	0.1065	0	0	0.6495	0.519	0.3345	0	0.2011875
AT1G16480	0.1915	0.1355	0	0	1.1085	0.1685	0	0	0.2005
AT5G02830	0	1.337	0	0.0955	0	0.1685	0	0	0.200125
AT5G21222	0.5485	0.591	0.128	0	0.1625	0	0.1675	0	0.1996875
AT1G73710	0.274	0.1105	0.3855	0.228	0.0045	0	0.169	0.4205	0.199
AT3G14330	0.1915	0.034	0.212	0.0955	0	0.337	0.3105	0.3905	0.196375
AT3G53170	0	0.1355	0.128	0	0	0.526	0	0.777	0.1958125
AT4G21190	0.1915	0.339	0.212	0	0	0	0	0.781	0.1904375
AT4G18975	0	0.2035	0.636	0	0	0.2595	0	0.4125	0.1889375
AT1G61870	0.3825	0.388	0	0	0.3245	0.2595	0.155	0	0.1886875
AT1G28000	0.931	0	0.128	0	0	0	0	0.4125	0.1839375
AT4G01030	0	0.1065	0.9355	0.228	0	0.1685	0	0	0.1798125
AT1G80550	0.574	0	0.8515	0	0	0	0	0	0.1781875
AT3G29230	0	0.4945	0.128	0.228	0.0575	0.505	0	0	0.176625
AT5G15980	0.74	0	0.128	0.2095	0.3245	0	0	0	0.17525
AT5G67570	0	0.1745	0.128	0.419	0	0.6735	0	0	0.174375
AT3G46610	0.478	0.1745	0.3835	0.0955	0	0.2595	0	0	0.173875
AT4G35850	0.1915	0	0.424	0.0955	0	0	0.6695	0	0.1725625
AT4G18750	0	0	0.976	0	0.2295	0	0.155	0	0.1700625
AT1G64430	0	0	0.2555	0.0955	0	0.5965	0	0.4125	0.17
AT1G06150	0.8225	0.1065	0.2555	0	0	0.1685	0	0	0.169125
AT1G66345	0	0.2035	0.8075	0.342	0	0	0	0	0.169125
AT5G37570	0	0	0	0	0.974	0.1685	0.1675	0	0.16375
AT5G60960	0.574	0.32	0	0.0955	0	0	0.3105	0	0.1625
AT4G32450	0.3825	0	0	0.191	0.3245	0	0	0.3905	0.1610625
AT1G69350	0	0.1355	0.2555	0.114	0	0.7785	0	0	0.1604375
AT5G14770	0	0.1355	0.424	0	0.554	0.1685	0	0	0.16025
AT1G19520	0	0	0.3835	0.2095	0.3245	0.337	0	0	0.1568125
AT5G39710	0	0	0	0	0	0.519	0.3345	0.3905	0.1555
AT5G59900	0	0.1355	0	0	0.3245	0	0	0.781	0.155125
AT3G51320	0.74	0.068	0	0	0	0	0	0.3905	0.1498125
AT5G55740	0	0.1065	0.424	0	0	0.2595	0	0.3905	0.1475625
AT1G79490	0.3825	0	0.128	0	0	0.505	0.155	0	0.1463125
AT1G30290	0.1915	0	0.3195	0	0.6495	0	0	0	0.1450625
AT4G37380	0	0.068	0.5115	0	0.554	0	0	0	0.1416875
AT1G52620	0	0.068	0.212	0.191	0.6495	0	0	0	0.1400625
AT3G48810	0.1915	0.2815	0	0.2865	0.3245	0	0	0	0.1355
AT5G64320	0	0	0.128	0.2095	0.2295	0.505	0	0	0.134
AT2G15980	0.574	0	0.2555	0.228	0	0	0	0	0.1321875
AT1G74900	0	0.1065	0	0	0	0.947	0	0	0.1316875
AT1G56570	0	1.047	0	0	0	0	0	0	0.130875
AT3G06920	0.4655	0.1065	0	0	0	0	0.4655	0	0.1296875
AT2G37230	0	0.2135	0.8075	0	0	0	0	0	0.127625
AT3G42630	0.1915	0	0	0	0	0	0	0.8245	0.127
AT2G20710	0	0.2135	0.212	0.0955	0	0.337	0	0.136	0.12425
AT5G08310	0	0	0	0	0.974	0	0	0	0.12175
AT1G05750	0	0	0	0	0.459	0	0.502	0	0.120125
AT2G36240	0	0.31	0	0	0	0.2595	0	0.3905	0.12
AT4G19890	0	0	0	0	0.6885	0.2595	0	0	0.1185
AT4G18520	0.1915	0.068	0	0	0	0.519	0.1675	0	0.11825
AT3G50420	0	0		0	0	0	0	0.8245	0.117785714
AT1G11900	0	0	0	0.114	0	0	0	0.8245	0.1173125
AT3G49142	0.1915	0.2135	0	0.114	0	0	0	0.4125	0.1164375
AT5G09450	0.1915	0.1745	0	0	0.2295	0	0.3345	0	0.11625
AT2G16880	0	0	0.128	0	0	0.7785	0	0	0.1133125
AT4G19440	0.274	0.1355	0	0	0.3245	0	0.1675	0	0.1126875
AT2G40240	0	0.1355	0	0.2095	0.2295	0	0.3105	0	0.110625
AT5G39350	0	0.1065	0.212	0.0955	0.459	0	0	0	0.109125
AT2G22070	0	0	0.212	0	0	0.505	0.155	0	0.109
AT3G25210	0	0	0.636	0	0.2295	0	0	0	0.1081875
AT4G25270	0	0	0.212	0.305	0	0	0.3105	0	0.1034375
AT3G12770	0.274	0	0	0	0.2295	0	0.3225	0	0.10325
AT3G11460	0	0	0	0	0	0	0	0.8245	0.1030625
AT4G32430	0	0	0	0	0	0	0	0.8245	0.1030625
AT2G30100	0	0.349	0.4675	0	0	0	0	0	0.1020625
AT1G05670	0.5485	0	0.2555	0	0	0	0	0	0.1005
AT4G02750	0	0	0.128	0	0	0.6735	0	0	0.1001875
AT2G36730	0.5485	0	0	0.0955	0	0	0.155	0	0.099875
AT2G17670	0	0	0.3835	0	0	0	0	0.4125	0.0995
AT4G04790	0.137	0	0	0.114	0.2295	0	0.3105	0	0.098875
AT1G62350	0	0	0	0	0	0	0	0.781	0.097625
AT5G61800	0	0.2035	0	0.573	0	0	0	0	0.0970625
AT5G02860	0	0	0	0.0955	0	0.6735	0	0	0.096125
AT2G04860	0.274	0	0	0	0.3245	0.1685	0	0	0.095875
AT1G22960	0.274	0.1745	0	0	0	0	0.3105	0	0.094875
AT4G38150	0.1915	0	0	0.0955	0	0	0.4655	0	0.0940625
AT1G11290	0	0	0	0.2865	0.459	0	0	0	0.0931875
AT1G02370	0	0	0	0.0955	0.6495	0	0	0	0.093125
AT1G47580	0	0.349	0	0	0	0	0	0.3905	0.0924375
AT1G11630	0.274	0.068	0.128	0	0	0.2595	0	0	0.0911875
AT2G37310	0	0.1355	0.2555	0	0	0.015	0.3225	0	0.0910625
AT2G06000	0	0	0	0	0	0	0.3345	0.3905	0.090625
AT4G02820	0.274	0.32	0	0.114	0	0	0	0	0.0885
AT4G26800	0	0	0.2555	0.191	0	0.2595	0	0	0.08825
AT4G14050	0	0.32	0.212	0	0	0.1685	0	0	0.0875625
AT1G18900	0	0.068	0	0	0	0	0.6205	0	0.0860625
AT1G17630	0	0	0	0	0	0.519	0.1675	0	0.0858125
AT2G30780	0.274	0.1745	0	0	0.2295	0	0	0	0.08475
AT3G24000	0	0	0.036	0	0.2295	0	0	0.4125	0.08475
AT5G13230	0	0.068	0	0.191	0	0.2595	0.155	0	0.0841875
AT1G16830	0	0	0	0.114	0	0	0.1675	0.3905	0.084
AT1G74750	0	0.2035	0.4675	0	0	0	0	0	0.083875
AT5G55840	0	0.1065	0	0	0	0	0.1675	0.3905	0.0830625
AT3G49730	0.1915	0.242	0	0	0.2295	0	0	0	0.082875
AT3G22690	0	0.2815	0.212	0	0	0.1685	0	0	0.08275
AT5G04780	0	0	0	0	0.2295	0.428	0	0	0.0821875
AT5G15010	0	0.068	0.128	0	0.459	0	0	0	0.081875
AT1G79080	0	0	0	0.0955	0.554	0	0	0	0.0811875
AT3G09060	0	0	0	0.0955	0.2295	0	0.3105	0	0.0794375
AT3G02490	0	0.1745	0	0	0.459	0	0	0	0.0791875
AT1G11710	0	0.1355	0	0	0.3245	0	0.1675	0	0.0784375
AT2G27800	0	0.034	0.2555	0	0	0	0.3345	0	0.078
AT5G14350	0.287	0	0	0.0955	0.2295	0	0	0	0.0765
AT5G38730	0.3825	0	0.212	0	0	0	0	0	0.0743125
AT4G33170	0	0	0.424	0	0	0.1685	0	0	0.0740625
AT1G56690	0	0	0.2555	0	0.3245	0	0	0	0.0725
AT4G01570	0	0	0.128	0.114	0	0	0.3345	0	0.0720625
AT5G14820	0	0.0705	0.042	0	0.3625	0	0.0835	0	0.0698125
AT5G65560	0	0	0	0	0	0	0.1675	0.3905	0.06975
AT3G62470	0	0	0.112	0	0.3625	0	0.0835	0	0.06975
AT3G62540	0	0	0.112	0	0.3625	0	0.0835	0	0.06975
AT1G10270	0	0.1065	0	0.114	0	0.1685	0.1675	0	0.0695625
AT5G57250	0	0.1355	0	0	0	0	0	0.4125	0.0685
AT3G46870	0	0.1065	0	0.114	0.3245	0	0	0	0.068125
AT1G04840	0	0	0	0.114	0	0.428	0	0	0.06775
AT1G09820	0	0.31	0	0	0.2295	0	0	0	0.0674375
AT2G33680	0.3825	0	0	0	0	0	0.155	0	0.0671875
AT3G05340	0	0	0	0.382	0	0	0.155	0	0.067125
AT3G61520	0.128	0.0575	0	0.057	0.0755	0	0	0.206	0.0655
AT5G28370	0.128	0.0575	0	0.057	0.0755	0	0	0.206	0.0655
AT5G28460	0.128	0.0575	0	0.057	0.0755	0	0	0.206	0.0655
AT2G26790	0	0.1065	0	0	0	0	0	0.4125	0.064875
AT3G60050	0	0	0	0	0	0.519	0	0	0.064875
AT5G27110	0	0	0	0	0	0.519	0	0	0.064875
AT1G13410	0.3825	0.1355	0	0	0	0	0	0	0.06475
AT3G02650	0.3825	0.1355	0	0	0	0	0	0	0.06475
AT3G13160	0	0.1065	0.128	0.114	0	0.1685	0	0	0.064625
AT3G17370	0	0	0.3835	0	0	0.1295	0	0	0.064125
AT3G16010	0	0.3785	0.128	0	0	0	0	0	0.0633125
AT4G21170	0	0	0.2555	0.0955	0	0	0.155	0	0.06325
AT5G08305	0	0	0	0	0	0.505	0	0	0.063125
AT5G24830	0	0	0	0	0	0.505	0	0	0.063125
AT4G26680	0.1915	0.31	0	0	0	0	0	0	0.0626875
AT5G50990	0	0.068	0	0	0	0.428	0	0	0.062
AT5G19020	0.274	0.068	0.128	0	0	0	0	0	0.05875
AT4G21705	0	0	0	0	0.459	0	0	0	0.057375
AT5G39980	0	0.068	0	0	0	0	0	0.3905	0.0573125
AT5G27460	0.287	0	0	0	0	0	0.1675	0	0.0568125
AT3G56030	0	0.1065	0	0.342	0	0	0	0	0.0560625
AT1G76280	0	0	0	0.0955	0	0	0.3345	0	0.05375
AT3G20730	0	0	0.424	0	0	0	0	0	0.053
AT2G45350	0	0	0	0	0	0.2595	0.155	0	0.0518125
AT4G21880	0	0	0	0	0	0.2595	0.155	0	0.0518125
AT5G16420	0	0	0	0	0	0	0	0.4125	0.0515625
AT5G66500	0	0	0	0	0	0	0	0.4125	0.0515625
AT4G20090	0.1915	0.2135	0	0	0	0	0	0	0.050625
AT2G19280	0	0.1355	0	0.114	0	0	0.155	0	0.0505625
AT3G54980	0.274	0	0.128	0	0	0	0	0	0.05025
AT1G33350	0	0.0745	0	0.3235	0	0	0	0	0.04975
AT5G61370	0	0	0.128	0	0	0.2595	0	0	0.0484375
AT4G20740	0.3825	0	0	0	0	0	0	0	0.0478125
AT4G21065	0.3825	0	0	0	0	0	0	0	0.0478125
AT5G46680	0.3825	0	0	0	0	0	0	0	0.0478125
AT1G20230	0	0	0.212	0	0	0.1685	0	0	0.0475625
AT5G15340	0.274	0.1015	0	0	0	0	0	0	0.0469375
AT3G14730	0	0.1065	0	0.114	0	0	0.155	0	0.0469375
AT3G60980	0	0	0	0	0.3245	0	0		0.046357143
AT5G28340		0	0	0.191		0.084	0	0	0.045833333
AT3G07290	0.1915	0	0	0	0	0.1685	0	0	0.045
AT3G16610	0.1915	0	0	0	0	0.1685	0	0	0.045
AT1G31790	0	0	0.128	0	0.2295	0	0	0	0.0446875
AT5G03560	0	0	0	0	0	0	0.3105		0.044357143
AT1G64310	0	0	0.2555	0.0955	0	0	0	0	0.043875
AT4G16470	0.1915	0	0	0	0	0	0.155	0	0.0433125
AT1G19290	0	0	0	0.114	0.2295	0	0	0	0.0429375
AT5G15280	0	0	0	0.114	0.2295	0	0	0	0.0429375
AT3G26782	0.274	0.068	0	0	0	0	0	0	0.04275
AT5G14080	0.274	0.068	0	0	0	0	0	0	0.04275
AT3G62890	0	0	0.34	0	0	0	0	0	0.0425
AT4G01400	0	0	0.34	0	0	0	0	0	0.0425
AT3G09040	0	0	0	0	0	0.1685	0.1675	0	0.042
AT3G15200	0	0	0	0	0	0.1685	0.1675	0	0.042
AT5G43790	0	0.1065	0	0	0.2295	0	0	0	0.042
AT1G08070	0	0	0	0	0	0	0.3345	0	0.0418125
AT1G26500	0	0	0	0	0	0	0.3345	0	0.0418125
AT2G20720	0	0.068	0	0.0955	0	0.1685	0	0	0.0415
AT2G32630	0	0.068	0	0.0955	0	0.1685	0	0	0.0415
AT3G46790	0	0.068	0	0.0955	0	0.1685	0	0	0.0415
AT5G09320	0.004	0.068	0.2555	0	0	0.0015	0	0	0.041125
AT1G13630	0	0	0	0	0.3245	0	0	0	0.0405625
AT3G02330	0	0	0	0	0.3245	0	0	0	0.0405625
AT3G61360	0	0	0	0	0.3245	0	0	0	0.0405625
AT4G33990	0	0	0	0	0.3245	0	0	0	0.0405625
AT5G62370	0	0	0	0	0.3245	0	0	0	0.0405625
AT3G03580	0.1915	0.1065	0	0	0	0	0	0	0.03725
AT4G28010	0.1915	0.1065	0	0	0	0	0	0	0.03725
AT2G34400	0	0	0.128	0	0	0.1685	0	0	0.0370625
AT5G61990	0	0	0	0.114	0	0.1685	0	0	0.0353125
AT2G16650	0	0	0	0.114	0	0	0.1675	0	0.0351875
AT3G04130	0	0.068	0.212	0	0	0	0	0	0.035
AT1G80880	0.274	0	0	0	0	0	0	0	0.03425
AT2G03880	0.274	0	0	0	0	0	0	0	0.03425
AT4G14850	0.274	0	0	0	0	0	0	0	0.03425
AT1G77010	0	0	0	0	0	0.2595	0	0	0.0324375
AT1G77405	0	0	0	0	0	0.2595	0	0	0.0324375
AT2G38420	0	0	0	0	0	0.2595	0	0	0.0324375
AT3G04750	0	0	0	0	0	0.2595	0	0	0.0324375
AT3G18020	0.1915	0.068	0	0	0	0	0	0	0.0324375
AT3G18970	0	0	0	0	0	0.2595	0	0	0.0324375
AT3G23020	0.1915	0.068	0	0	0	0	0	0	0.0324375
AT5G18475	0	0	0	0	0	0.2595	0	0	0.0324375
AT1G07740	0	0	0.2555	0	0	0	0	0	0.0319375
AT1G80150	0	0	0.2555	0	0	0	0	0	0.0319375
AT2G29760	0	0.1065		0.0955	0	0	0	0	0.028857143
AT1G29710	0	0	0	0	0.2295	0	0	0	0.0286875
AT2G17140	0	0	0	0	0.2295	0	0	0	0.0286875
AT2G17525	0	0	0	0	0.2295	0	0	0	0.0286875
AT5G44230	0	0	0	0	0.2295	0	0	0	0.0286875
AT1G18485	0	0	0	0.228	0	0	0	0	0.0285
AT3G49170	0	0	0.128	0.0955	0	0	0	0	0.0279375
AT1G05600	0	0.068	0	0	0	0	0.155	0	0.027875
AT4G13650	0	0.1065	0	0.114	0	0	0	0	0.0275625
AT2G18520	0	0.2135	0	0	0	0	0	0	0.0266875
AT3G15590	0	0.2135	0	0	0	0	0	0	0.0266875
AT3G26630	0	0.2135	0	0	0	0	0	0	0.0266875
AT4G21900	0	0.2135	0	0	0	0	0	0	0.0266875
AT1G06140	0	0	0.212	0	0	0	0	0	0.0265
AT1G25360	0	0	0.212	0	0	0	0	0	0.0265
AT3G58590	0	0	0.212	0	0	0	0	0	0.0265
AT3G60040	0	0	0.212	0	0	0	0	0	0.0265
AT4G01990	0	0	0.212	0	0	0	0	0	0.0265
AT1G71060	0	0	0	0.2095	0	0	0	0	0.0261875
AT1G68930	0	0.068	0.128	0	0	0	0	0	0.0245
AT1G52640	0.1915	0	0	0	0	0	0	0	0.0239375
AT2G01510	0.1915	0	0	0	0	0	0	0	0.0239375
AT2G40720	0.1915	0	0	0	0	0	0	0	0.0239375
AT3G28660	0.1915	0	0	0	0	0	0	0	0.0239375
AT5G06400	0.1915	0	0	0	0	0	0	0	0.0239375
AT5G08510	0	0.068	0	0.114	0	0	0	0	0.02275
AT5G40400	0	0.068	0	0.114	0	0	0	0	0.02275
AT4G22760	0	0.1745	0	0	0	0	0	0	0.0218125
AT1G77360	0	0	0	0	0	0	0.1675	0	0.0209375
AT2G01740	0	0	0	0	0	0	0.1675	0	0.0209375
AT3G48250	0	0	0	0	0	0	0.1675	0	0.0209375
AT4G16835	0	0	0	0	0	0	0.1675	0	0.0209375
AT1G02060	0	0.068	0	0.0955	0	0	0	0	0.0204375
AT1G09900	0	0	0	0	0	0	0.155	0	0.019375
AT1G20300	0	0	0	0	0	0	0.155	0	0.019375
AT3G01580	0	0	0	0	0	0	0.155	0	0.019375
AT3G26540	0	0	0	0	0	0	0.155	0	0.019375
AT2G13600	0	0.1355	0	0	0	0	0	0	0.0169375
AT4G17616	0	0.1355	0	0	0	0	0	0	0.0169375
AT5G65570	0	0.1355	0	0	0	0	0	0	0.0169375
AT1G22830	0	0	0.128	0	0	0	0	0	0.016
AT1G26900	0	0	0.128	0	0	0	0	0	0.016
AT1G32415	0	0	0.128	0	0	0	0	0	0.016
AT1G71420	0	0	0.128	0	0	0	0	0	0.016
AT2G02150	0	0	0.128	0	0	0	0	0	0.016
AT2G03380	0	0	0.128	0	0	0	0	0	0.016
AT2G42920	0	0	0.128	0	0	0	0	0	0.016
AT3G15130	0	0	0.128	0	0	0	0	0	0.016
AT3G49710	0	0	0.128	0	0	0	0	0	0.016
AT3G56550	0	0	0.128	0	0	0	0	0	0.016
AT4G18840	0	0	0.128	0	0	0	0	0	0.016
AT5G47460	0	0	0.128	0	0	0	0	0	0.016
AT1G55630	0	0	0	0.114	0	0	0	0	0.01425
AT1G06710	0	0.1065	0	0	0	0	0	0	0.0133125
AT1G71490	0	0.1065	0	0	0	0	0	0	0.0133125
AT2G35030	0	0.1065	0	0	0	0	0	0	0.0133125
AT3G14580	0	0.1065	0	0	0	0	0	0	0.0133125
AT5G18390	0	0.1065	0	0	0	0	0	0	0.0133125
AT1G09410	0	0	0	0.0955	0	0	0	0	0.0119375
AT1G51965	0	0	0	0.0955	0	0	0	0	0.0119375
AT3G47530	0	0	0	0.0955	0	0	0	0	0.0119375
AT3G49740	0	0	0	0.0955	0	0	0	0	0.0119375
AT4G11690	0.0955	0	0	0	0	0	0	0	0.0119375
AT5G12100	0	0	0	0.0955	0	0	0	0	0.0119375
AT5G46100	0	0	0	0.0955	0	0	0	0	0.0119375
AT5G47360	0	0	0	0.0955	0	0	0	0	0.0119375
AT5G28380	0	0	0	0	0	0.084	0	0	0.0105
AT1G69290	0	0.068	0	0	0	0	0	0	0.0085
AT1G74600	0	0.068	0	0	0	0	0	0	0.0085
AT2G02980	0	0.068	0	0	0	0	0	0	0.0085
AT2G28050	0	0.068	0	0	0	0	0	0	0.0085
AT1G13800	0	0	0	0.057	0	0	0	0	0.007125
AT2G22410	0	0.007	0	0	0	0	0	0	0.000875
AT1G02420	0	0	0	0	0	0	0	0	0
AT1G03100	0	0	0	0	0	0	0	0	0
AT1G03510	0	0	0	0	0	0	0	0	0
AT1G03540	0	0	0	0	0	0	0	0	0
AT1G03560	0	0	0	0	0	0	0	0	0
AT1G06270	0	0	0	0	0	0	0	0	0
AT1G09190	0	0	0	0	0	0	0	0	0
AT1G09220	0	0	0	0	0	0	0	0	0
AT1G09680	0	0	0	0	0	0	0	0	0
AT1G10330	0	0	0	0	0	0	0	0	0
AT1G13040	0	0	0	0	0	0	0	0	0
AT1G14470	0	0	0	0	0	0	0	0	0
AT1G28690	0	0	0	0	0	0	0	0	0
AT1G31430	0	0	0	0	0	0	0	0	0
AT1G31840	0	0	0	0	0	0	0	0	0
AT1G34160	0	0	0	0	0	0	0	0	0
AT1G43010	0	0	0	0	0	0	0	0	0
AT1G43980	0	0	0	0	0	0	0	0	0
AT1G53330	0	0	0	0	0	0	0	0	0
AT1G53600	0	0	0	0	0	0	0	0	0
AT1G62260	0	0	0	0	0	0	0	0	0
AT1G71460	0	0	0	0	0	0	0	0	0
AT1G73400	0	0	0	0	0	0	0	0	0
AT1G74400	0	0	0	0	0	0	0	0	0
AT1G74580	0	0	0	0	0	0	0	0	0
AT1G74630	0	0	0	0	0	0	0	0	0
AT1G77150	0	0	0	0	0	0	0	0	0
AT1G77170	0	0	0	0	0	0	0	0	0
AT1G77340	0	0	0	0	0	0	0	0	0
AT2G01360	0	0	0	0	0	0	0	0	0
AT2G01390	0	0	0	0	0	0	0	0	0
AT2G15630	0	0	0	0	0	0	0	0	0
AT2G17210	0	0	0	0	0	0	0	0	0
AT2G20540	0	0	0	0	0	0	0	0	0
AT2G21090	0	0	0	0	0	0	0	0	0
AT2G25580	0	0	0	0	0	0	0	0	0
AT2G27610	0	0	0	0	0	0	0	0	0
AT2G33760	0	0	0	0	0	0	0	0	0
AT2G34370	0	0	0	0	0	0	0	0	0
AT2G36980	0	0	0	0	0	0	0	0	0
AT2G37320	0	0	0	0	0	0	0	0	0
AT2G39230	0	0	0	0	0	0	0	0	0
AT2G39620	0	0	0	0	0	0	0	0	0
AT2G44880	0	0	0	0	0	0	0	0	0
AT2G46050	0	0	0	0	0	0	0	0	0
AT2G48000	0	0	0	0	0	0	0	0	0
AT3G02010	0	0	0	0	0	0	0	0	0
AT3G05240	0	0	0	0	0	0	0	0	0
AT3G08820	0	0	0	0	0	0	0	0	0
AT3G11350	0	0	0	0				0	0
AT3G11380	0	0	0	0	0	0	0	0	0
AT3G13770	0	0	0	0	0	0	0	0	0
AT3G13880	0	0	0	0	0	0	0	0	0
AT3G15930	0	0	0	0	0	0	0	0	0
AT3G16890	0	0	0	0	0	0	0	0	0
AT3G18840	0	0	0	0	0	0	0	0	0
AT3G21470	0	0	0	0	0	0	0	0	0
AT3G22670	0	0	0	0	0	0	0	0	0
AT3G25060	0	0	0	0	0	0	0	0	0
AT3G25970	0	0	0	0	0	0	0	0	0
AT3G28640	0	0	0	0	0	0	0	0	0
AT3G47840	0	0	0	0	0	0	0	0	0
AT3G53360	0	0	0	0	0	0	0	0	0
AT3G57430	0	0	0	0	0	0	0	0	0
AT3G61170	0	0	0	0	0	0	0	0	0
AT4G04370	0	0	0	0	0	0	0	0	0
AT4G08210	0	0	0	0	0	0	0	0	0
AT4G14170	0	0	0	0	0	0	0	0	0
AT4G14820	0	0	0	0	0	0	0	0	0
AT4G15720	0	0	0	0	0	0	0	0	0
AT4G19191	0	0	0	0	0	0	0	0	0
AT4G19220	0	0	0	0	0	0	0	0	0
AT4G20770	0	0	0	0	0	0	0	0	0
AT4G21300	0	0	0	0	0	0	0	0	0
AT4G30700	0	0	0	0	0	0	0	0	0
AT4G31070	0	0	0	0	0	0	0	0	0
AT4G35130	0	0	0	0	0	0	0	0	0
AT4G36680	0	0	0	0	0	0	0	0	0
AT4G37170	0	0	0	0	0	0	0	0	0
AT4G38010	0	0	0	0	0	0	0	0	0
AT4G39530	0	0	0	0	0	0	0	0	0
AT4G39952	0	0	0	0	0	0	0	0	0
AT5G03800	0	0	0	0	0	0	0	0	0
AT5G06540	0	0	0	0	0	0	0	0	0
AT5G08490	0	0	0	0	0	0	0	0	0
AT5G09950	0	0	0	0	0	0	0	0	0
AT5G11310	0	0	0	0	0	0	0	0	0
AT5G15300	0	0	0	0	0	0	0	0	0
AT5G16860	0	0	0	0	0	0	0	0	0
AT5G18950	0	0	0	0	0	0	0	0	0
AT5G39680	0	0	0	0	0	0	0	0	0
AT5G40405	0	0	0	0	0	0	0	0	0
AT5G40410	0	0	0	0	0	0	0	0	0
AT5G42450	0	0	0	0	0	0	0	0	0
AT5G43820	0	0	0	0	0	0	0	0	0
AT5G46460	0	0	0	0	0	0	0	0	0
AT5G50390	0	0	0	0	0	0	0	0	0
AT5G52630	0	0	0	0	0	0	0	0	0
AT5G52850	0	0	0	0	0	0	0	0	0
AT5G56310	0	0	0	0	0	0	0	0	0
AT5G59200	0	0	0	0	0	0	0	0	0
AT5G59600	0	0	0	0	0	0	0	0	0
AT5G61400	0	0	0	0	0	0	0	0	0
AT5G65820	0	0	0	0	0	0	0	0	0
AT5G66631	0	0	0	0	0	0	0	0	0